12
136
0 90 133 191 107 181 3 162 3 188 93 132 145 64 168 64 145 132 108 187 128 47 111 10 49 171 95 134 156 153 92 192 193 130 29 69 29 111 189 44 126 60 161 142 135 142 161 47 111 10 46 43 185 143 185 33 112 170 76 43 185 42 4 160 86 123 72 98 70 197 47 111 62 179 199 109 173 65 101 30 5 120 25 114 105 139 13 41 194 111 163 72 98 138 45 3 159 61 122 165 55 130 21 144 90 122 10 46 78 119 57 144 90 11 109 134 156 153 170 76 160 86 101 170 112 186 88 133 191 107 196 104 36 111 10 83 0
614 472 818 718 778 831 462 994 440 900 306 697 40 82 923 155 487 1073 508 884 1013 895 207 1085 591 410 465 221 1115 121 1055 139 169 79 24 1170 393 1102 424 485 982 932 216 853 1003 448 1048 1189 1136 1188 730 585 814 189 877 1052 370 490 2 733 131 763
152
0 83 188 3 181 107 25 114 105 99 133 191 133 99 105 81 105 155 20 155 114 105 139 71 139 105 155 21 144 135 142 174 111 10 46 43 185 42 31 6 156 162 184 28 60 161 142 174 8 77 186 112 170 76 43 86 160 91 118 116 95 190 23 189 23 164 9 115 164 9 69 29 35 15 173 198 8 192 193 165 97 191 26 180 158 180 14 130 29 146 6 134 40 102 14 100 110 131 78 187 146 79 32 75 38 126 66 69 29 35 164 23 165 37 47 111 10 148 15 173 132 62 93 188 152 197 74 129 31 42 45 106 185 43 117 36 82 27 2 14 163 72 98 70 63 83 194 111 47 111 10 83 0
568 423 1014 1009 175 755 498 710 558 1053 976 153 468 690 890 887 972 354 269 469 258 214 338 1029 998 1002 1129 775 277 245 752 780 876 182 812 170 1169 1058 1161 451 422 624 584 570 446 6 914 1122 1042 83 453 777 1141 255 172 562 789 193 535 996 534 817 828
103
0 83 188 152 184 52 154 37 47 111 174 51 57 80 62 132 145 184 159 61 177 93 188 7 23 190 70 63 36 43 185 39 115 164 23 190 141 24 167 20 155 105 99 133 191 26 109 134 77 8 174 51 169 35 29 19 178 180 14 165 37 47 111 174 147 186 112 170 76 42 53 72 98 76 43 46 193 191 107 181 182 44 195 124 92 136 50 30 111 47 37 25 114 105 139 175 51 135 142 161 49 10 83 0
290 515 581 286 417 513 872 291 1036 230 592 396 1123 965 1149 418 805 870 1057 771 524 642 729 141 413 971 1185 345 282 133 389 32 1143 262 704 1192
65
0 90 123 197 113 53 18 176 22 177 191 30 111 47 142 190 23 80 57 144 16 151 150 186 112 170 76 43 186 112 170 76 43 46 10 87 49 10 34 48 185 42 31 6 86 16 75 47 111 189 168 63 36 156 101 65 52 184 28 60 161 70 30 5 90 0
737 672 236 240 428 234 342 209 313 280 861 640 758 1184 185 538 764 563 1067 317 264 289 22 38 856 885
131
0 83 188 53 181 3 188 7 103 42 31 6 134 40 62 46 10 111 10 49 171 49 161 142 174 8 77 8 174 51 135 142 174 48 177 137 177 197 70 116 163 72 98 76 9 7 189 44 1 122 171 95 117 86 123 72 97 159 184 68 157 51 124 198 90 133 99 105 139 126 60 161 49 171 95 103 42 53 181 182 46 43 185 67 66 69 70 63 144 59 81 153 92 5 30 111 29 35 15 148 15 35 29 69 66 152 50 147 43 115 127 123 121 156 153 170 194 111 47 37 165 97 41 91 24 155 40 62 46 10 83 0
1082 1174 768 804 902 634 754 287 200 726 148 350 595 868 723 1075 554 454 832 684 947 437 1038 846 997 707 695 692 970 250 434 1137 62 936 658 912 400 928 782 983 162 93 1165 646 638 1041 192 232 577 91 1159 871 1045 104 341 716 54 88 177
78
0 31 42 28 60 161 49 10 46 43 138 43 185 48 189 111 124 92 58 167 100 194 9 164 144 90 186 112 170 48 66 69 181 107 196 166 162 106 185 42 87 121 113 53 115 29 35 15 179 94 140 173 198 1 44 126 84 58 167 178 180 37 47 111 30 109 145 132 99 105 155 49 10 111 30 111 10 83 0
785 974 307 1044 331 940 732 241 65 1011 956 115 430 632 489 952 380 1144 1150 194 827 834 1130 701 365 578 330 351 617 166
73
0 61 131 95 11 63 144 135 142 161 151 25 114 125 65 199 130 29 69 66 52 184 159 55 109 134 77 176 76 9 64 145 132 93 188 3 22 21 144 63 36 104 102 162 92 192 95 103 42 53 181 107 196 84 58 83 17 63 36 111 47 140 43 46 10 83 17 162 3 181 151 10 83 0
955 559 796 660 1062 1095 1193 379 530 456 715 811 218 1101 639 1054 47 72 721 550 600 880 426
65
0 90 11 59 81 105 155 114 134 164 195 184 162 102 167 183 2 151 27 82 181 107 45 10 49 171 95 103 42 177 137 13 127 178 113 53 181 3 188 43 86 40 159 97 163 111 56 192 8 77 138 20 165 73 24 91 8 77 56 9 7 87 49 10 83 0
452 746 1022 655 616 798 517 359 801 1168 371 478 1061 921 728 951 463 376 582 416 130 680 676 145
116
0 83 194 111 174 47 111 174 51 169 154 37 47 111 10 46 43 185 48 177 137 12 135 23 190 171 95 134 40 62 89 28 60 161 142 174 8 119 101 65 125 72 98 70 197 74 177 22 187 80 62 132 93 188 3 162 184 68 178 167 100 176 77 67 66 69 29 130 121 128 47 111 30 5 91 88 4 166 32 168 64 145 180 158 54 141 52 184 162 3 181 107 105 81 99 105 139 176 54 141 190 124 92 121 130 29 35 15 173 65 199 130 29 111 10 83 0
1109 256 654 735 445 678 1147 653 333 1096 33 627 969 765 11 509 1081 767 1079 667 140 833 226 643 670 409 795 1172 161 51 288 10 299 886
107
0 90 144 63 36 63 144 65 199 109 38 130 29 111 10 46 43 185 143 39 30 5 31 193 192 8 91 164 195 126 178 167 58 4 42 103 95 134 40 159 27 82 187 128 131 16 93 188 152 153 92 125 65 57 54 158 168 91 160 86 43 46 85 152 188 93 75 194 41 104 120 25 114 105 99 133 191 26 191 107 181 3 159 61 155 105 81 84 58 167 100 176 77 8 174 51 96 192 8 174 51 135 142 161 49 10 83 0
1074 939 1005 898 81 629 893 594 650 188 92 392 405 1032 781 199 85 106 68 340 993 4 645 691 222 822 797 167 1001 497 977 580 619 326 1059 1088 736 784 488
104
0 90 98 72 98 76 43 185 48 51 169 20 6 161 49 10 111 47 128 47 37 165 55 31 42 103 7 34 113 92 192 193 139 105 99 133 52 180 179 108 187 128 1 70 30 111 178 167 58 84 159 61 177 22 176 84 58 165 37 47 111 10 49 161 3 188 93 75 16 112 170 76 43 185 48 98 142 161 55 31 6 56 107 105 99 133 32 75 156 153 92 124 126 60 161 49 10 151 97 191 107 49 10 83 0
1194 98 361 383 271 8 605 80 744 71 1098 95 364 966 882 459 878 1135 637 407 1119 160 180 957 873 745 1034 360 332 303 268 958
79
0 83 58 167 100 150 186 112 33 6 51 135 142 161 49 174 47 140 173 158 54 108 187 146 79 182 27 82 34 113 53 181 107 153 92 136 69 66 11 63 159 61 177 197 12 128 47 111 29 130 194 9 23 190 171 172 156 153 92 121 130 29 35 71 190 23 164 195 124 198 44 122 61 131 78 58 167 58 83 0
300 44 421 961 318 601 263 244 665 786 1148 919 1117 611 659 949 1153 536 283 1084 1163 144 557 278 395 1016 419 875
